place_pin -pin_name io_controlLeftIn_valid -layer M4 -location {0 1.0} -pin_size {0.024 0.024} -force_to_die_boundary
place_pin -pin_name io_controlLeftIn_payload_MR[0] -layer M4 -location {0 1.2923076923076924} -pin_size {0.024 0.024} -force_to_die_boundary
place_pin -pin_name io_controlLeftIn_payload_MR[1] -layer M4 -location {0 1.5846153846153848} -pin_size {0.024 0.024} -force_to_die_boundary
place_pin -pin_name io_controlLeftIn_payload_CR_sel[0] -layer M4 -location {0 1.876923076923077} -pin_size {0.024 0.024} -force_to_die_boundary
place_pin -pin_name io_controlLeftIn_payload_CR_sel[1] -layer M4 -location {0 2.1692307692307695} -pin_size {0.024 0.024} -force_to_die_boundary
place_pin -pin_name io_controlLeftIn_payload_CR_sel[2] -layer M4 -location {0 2.4615384615384617} -pin_size {0.024 0.024} -force_to_die_boundary
place_pin -pin_name io_controlLeftIn_payload_CR_sel[3] -layer M4 -location {0 2.753846153846154} -pin_size {0.024 0.024} -force_to_die_boundary
place_pin -pin_name io_controlLeftIn_payload_CR_sel[4] -layer M4 -location {0 3.0461538461538464} -pin_size {0.024 0.024} -force_to_die_boundary
place_pin -pin_name io_controlLeftIn_payload_CR_dataflow[0] -layer M4 -location {0 3.3384615384615386} -pin_size {0.024 0.024} -force_to_die_boundary
place_pin -pin_name io_controlLeftIn_payload_CR_dataflow[1] -layer M4 -location {0 3.6307692307692307} -pin_size {0.024 0.024} -force_to_die_boundary
place_pin -pin_name io_controlLeftIn_payload_CtR[0] -layer M4 -location {0 3.9230769230769234} -pin_size {0.024 0.024} -force_to_die_boundary
place_pin -pin_name io_controlLeftIn_payload_CtR[1] -layer M4 -location {0 4.2153846153846155} -pin_size {0.024 0.024} -force_to_die_boundary
place_pin -pin_name io_controlLeftIn_payload_CtR[2] -layer M4 -location {0 4.507692307692308} -pin_size {0.024 0.024} -force_to_die_boundary
place_pin -pin_name io_controlLeftIn_payload_CtR[3] -layer M4 -location {0 4.800000000000001} -pin_size {0.024 0.024} -force_to_die_boundary
place_pin -pin_name io_controlLeftIn_payload_CtR[4] -layer M4 -location {0 5.092307692307693} -pin_size {0.024 0.024} -force_to_die_boundary
place_pin -pin_name io_controlLeftIn_payload_CtR[5] -layer M4 -location {0 5.384615384615385} -pin_size {0.024 0.024} -force_to_die_boundary
place_pin -pin_name io_controlLeftIn_payload_CtR[6] -layer M4 -location {0 5.676923076923077} -pin_size {0.024 0.024} -force_to_die_boundary
place_pin -pin_name io_dataLeftIn[0] -layer M4 -location {0 5.969230769230769} -pin_size {0.024 0.024} -force_to_die_boundary
place_pin -pin_name io_dataLeftIn[1] -layer M4 -location {0 6.2615384615384615} -pin_size {0.024 0.024} -force_to_die_boundary
place_pin -pin_name io_dataLeftIn[2] -layer M4 -location {0 6.5538461538461545} -pin_size {0.024 0.024} -force_to_die_boundary
place_pin -pin_name io_dataLeftIn[3] -layer M4 -location {0 6.846153846153847} -pin_size {0.024 0.024} -force_to_die_boundary
place_pin -pin_name io_dataLeftIn[4] -layer M4 -location {0 7.138461538461539} -pin_size {0.024 0.024} -force_to_die_boundary
place_pin -pin_name io_dataLeftIn[5] -layer M4 -location {0 7.430769230769231} -pin_size {0.024 0.024} -force_to_die_boundary
place_pin -pin_name io_dataLeftIn[6] -layer M4 -location {0 7.723076923076923} -pin_size {0.024 0.024} -force_to_die_boundary
place_pin -pin_name io_dataLeftIn[7] -layer M4 -location {0 8.015384615384615} -pin_size {0.024 0.024} -force_to_die_boundary
place_pin -pin_name io_dataLeftIn[8] -layer M4 -location {0 8.307692307692308} -pin_size {0.024 0.024} -force_to_die_boundary
place_pin -pin_name io_dataLeftIn[9] -layer M4 -location {0 8.600000000000001} -pin_size {0.024 0.024} -force_to_die_boundary
place_pin -pin_name io_dataLeftIn[10] -layer M4 -location {0 8.892307692307693} -pin_size {0.024 0.024} -force_to_die_boundary
place_pin -pin_name io_dataLeftIn[11] -layer M4 -location {0 9.184615384615386} -pin_size {0.024 0.024} -force_to_die_boundary
place_pin -pin_name io_dataLeftIn[12] -layer M4 -location {0 9.476923076923077} -pin_size {0.024 0.024} -force_to_die_boundary
place_pin -pin_name io_dataLeftIn[13] -layer M4 -location {0 9.76923076923077} -pin_size {0.024 0.024} -force_to_die_boundary
place_pin -pin_name io_dataLeftIn[14] -layer M4 -location {0 10.061538461538461} -pin_size {0.024 0.024} -force_to_die_boundary
place_pin -pin_name io_dataLeftIn[15] -layer M4 -location {0 10.353846153846154} -pin_size {0.024 0.024} -force_to_die_boundary
place_pin -pin_name io_dataLeftOut[0] -layer M4 -location {0 10.646153846153847} -pin_size {0.024 0.024} -force_to_die_boundary
place_pin -pin_name io_dataLeftOut[1] -layer M4 -location {0 10.938461538461539} -pin_size {0.024 0.024} -force_to_die_boundary
place_pin -pin_name io_dataLeftOut[2] -layer M4 -location {0 11.230769230769232} -pin_size {0.024 0.024} -force_to_die_boundary
place_pin -pin_name io_dataLeftOut[3] -layer M4 -location {0 11.523076923076923} -pin_size {0.024 0.024} -force_to_die_boundary
place_pin -pin_name io_dataLeftOut[4] -layer M4 -location {0 11.815384615384616} -pin_size {0.024 0.024} -force_to_die_boundary
place_pin -pin_name io_dataLeftOut[5] -layer M4 -location {0 12.107692307692309} -pin_size {0.024 0.024} -force_to_die_boundary
place_pin -pin_name io_dataLeftOut[6] -layer M4 -location {0 12.4} -pin_size {0.024 0.024} -force_to_die_boundary
place_pin -pin_name io_dataLeftOut[7] -layer M4 -location {0 12.692307692307693} -pin_size {0.024 0.024} -force_to_die_boundary
place_pin -pin_name io_dataLeftOut[8] -layer M4 -location {0 12.984615384615385} -pin_size {0.024 0.024} -force_to_die_boundary
place_pin -pin_name io_dataLeftOut[9] -layer M4 -location {0 13.276923076923078} -pin_size {0.024 0.024} -force_to_die_boundary
place_pin -pin_name io_dataLeftOut[10] -layer M4 -location {0 13.56923076923077} -pin_size {0.024 0.024} -force_to_die_boundary
place_pin -pin_name io_dataLeftOut[11] -layer M4 -location {0 13.861538461538462} -pin_size {0.024 0.024} -force_to_die_boundary
place_pin -pin_name io_dataLeftOut[12] -layer M4 -location {0 14.153846153846155} -pin_size {0.024 0.024} -force_to_die_boundary
place_pin -pin_name io_dataLeftOut[13] -layer M4 -location {0 14.446153846153846} -pin_size {0.024 0.024} -force_to_die_boundary
place_pin -pin_name io_dataLeftOut[14] -layer M4 -location {0 14.73846153846154} -pin_size {0.024 0.024} -force_to_die_boundary
place_pin -pin_name io_dataLeftOut[15] -layer M4 -location {0 15.03076923076923} -pin_size {0.024 0.024} -force_to_die_boundary
place_pin -pin_name io_controlLeftOut_valid -layer M4 -location {0 15.323076923076924} -pin_size {0.024 0.024} -force_to_die_boundary
place_pin -pin_name io_controlLeftOut_payload_MR[0] -layer M4 -location {0 15.615384615384617} -pin_size {0.024 0.024} -force_to_die_boundary
place_pin -pin_name io_controlLeftOut_payload_MR[1] -layer M4 -location {0 15.907692307692308} -pin_size {0.024 0.024} -force_to_die_boundary
place_pin -pin_name io_controlLeftOut_payload_CR_sel[0] -layer M4 -location {0 16.200000000000003} -pin_size {0.024 0.024} -force_to_die_boundary
place_pin -pin_name io_controlLeftOut_payload_CR_sel[1] -layer M4 -location {0 16.49230769230769} -pin_size {0.024 0.024} -force_to_die_boundary
place_pin -pin_name io_controlLeftOut_payload_CR_sel[2] -layer M4 -location {0 16.784615384615385} -pin_size {0.024 0.024} -force_to_die_boundary
place_pin -pin_name io_controlLeftOut_payload_CR_sel[3] -layer M4 -location {0 17.076923076923077} -pin_size {0.024 0.024} -force_to_die_boundary
place_pin -pin_name io_controlLeftOut_payload_CR_sel[4] -layer M4 -location {0 17.36923076923077} -pin_size {0.024 0.024} -force_to_die_boundary
place_pin -pin_name io_controlLeftOut_payload_CR_dataflow[0] -layer M4 -location {0 17.661538461538463} -pin_size {0.024 0.024} -force_to_die_boundary
place_pin -pin_name io_controlLeftOut_payload_CR_dataflow[1] -layer M4 -location {0 17.953846153846154} -pin_size {0.024 0.024} -force_to_die_boundary
place_pin -pin_name io_controlLeftOut_payload_CtR[0] -layer M4 -location {0 18.24615384615385} -pin_size {0.024 0.024} -force_to_die_boundary
place_pin -pin_name io_controlLeftOut_payload_CtR[1] -layer M4 -location {0 18.53846153846154} -pin_size {0.024 0.024} -force_to_die_boundary
place_pin -pin_name io_controlLeftOut_payload_CtR[2] -layer M4 -location {0 18.83076923076923} -pin_size {0.024 0.024} -force_to_die_boundary
place_pin -pin_name io_controlLeftOut_payload_CtR[3] -layer M4 -location {0 19.123076923076923} -pin_size {0.024 0.024} -force_to_die_boundary
place_pin -pin_name io_controlLeftOut_payload_CtR[4] -layer M4 -location {0 19.415384615384617} -pin_size {0.024 0.024} -force_to_die_boundary
place_pin -pin_name io_controlLeftOut_payload_CtR[5] -layer M4 -location {0 19.70769230769231} -pin_size {0.024 0.024} -force_to_die_boundary
place_pin -pin_name io_controlLeftOut_payload_CtR[6] -layer M4 -location {0 20.0} -pin_size {0.024 0.024} -force_to_die_boundary
place_pin -pin_name io_controlRightIn_valid -layer M4 -location {21 1.0} -pin_size {0.024 0.024} -force_to_die_boundary
place_pin -pin_name io_controlRightIn_payload_MR[0] -layer M4 -location {21 1.2923076923076924} -pin_size {0.024 0.024} -force_to_die_boundary
place_pin -pin_name io_controlRightIn_payload_MR[1] -layer M4 -location {21 1.5846153846153848} -pin_size {0.024 0.024} -force_to_die_boundary
place_pin -pin_name io_controlRightIn_payload_CR_sel[0] -layer M4 -location {21 1.876923076923077} -pin_size {0.024 0.024} -force_to_die_boundary
place_pin -pin_name io_controlRightIn_payload_CR_sel[1] -layer M4 -location {21 2.1692307692307695} -pin_size {0.024 0.024} -force_to_die_boundary
place_pin -pin_name io_controlRightIn_payload_CR_sel[2] -layer M4 -location {21 2.4615384615384617} -pin_size {0.024 0.024} -force_to_die_boundary
place_pin -pin_name io_controlRightIn_payload_CR_sel[3] -layer M4 -location {21 2.753846153846154} -pin_size {0.024 0.024} -force_to_die_boundary
place_pin -pin_name io_controlRightIn_payload_CR_sel[4] -layer M4 -location {21 3.0461538461538464} -pin_size {0.024 0.024} -force_to_die_boundary
place_pin -pin_name io_controlRightIn_payload_CR_dataflow[0] -layer M4 -location {21 3.3384615384615386} -pin_size {0.024 0.024} -force_to_die_boundary
place_pin -pin_name io_controlRightIn_payload_CR_dataflow[1] -layer M4 -location {21 3.6307692307692307} -pin_size {0.024 0.024} -force_to_die_boundary
place_pin -pin_name io_controlRightIn_payload_CtR[0] -layer M4 -location {21 3.9230769230769234} -pin_size {0.024 0.024} -force_to_die_boundary
place_pin -pin_name io_controlRightIn_payload_CtR[1] -layer M4 -location {21 4.2153846153846155} -pin_size {0.024 0.024} -force_to_die_boundary
place_pin -pin_name io_controlRightIn_payload_CtR[2] -layer M4 -location {21 4.507692307692308} -pin_size {0.024 0.024} -force_to_die_boundary
place_pin -pin_name io_controlRightIn_payload_CtR[3] -layer M4 -location {21 4.800000000000001} -pin_size {0.024 0.024} -force_to_die_boundary
place_pin -pin_name io_controlRightIn_payload_CtR[4] -layer M4 -location {21 5.092307692307693} -pin_size {0.024 0.024} -force_to_die_boundary
place_pin -pin_name io_controlRightIn_payload_CtR[5] -layer M4 -location {21 5.384615384615385} -pin_size {0.024 0.024} -force_to_die_boundary
place_pin -pin_name io_controlRightIn_payload_CtR[6] -layer M4 -location {21 5.676923076923077} -pin_size {0.024 0.024} -force_to_die_boundary
place_pin -pin_name io_dataRightIn[0] -layer M4 -location {21 5.969230769230769} -pin_size {0.024 0.024} -force_to_die_boundary
place_pin -pin_name io_dataRightIn[1] -layer M4 -location {21 6.2615384615384615} -pin_size {0.024 0.024} -force_to_die_boundary
place_pin -pin_name io_dataRightIn[2] -layer M4 -location {21 6.5538461538461545} -pin_size {0.024 0.024} -force_to_die_boundary
place_pin -pin_name io_dataRightIn[3] -layer M4 -location {21 6.846153846153847} -pin_size {0.024 0.024} -force_to_die_boundary
place_pin -pin_name io_dataRightIn[4] -layer M4 -location {21 7.138461538461539} -pin_size {0.024 0.024} -force_to_die_boundary
place_pin -pin_name io_dataRightIn[5] -layer M4 -location {21 7.430769230769231} -pin_size {0.024 0.024} -force_to_die_boundary
place_pin -pin_name io_dataRightIn[6] -layer M4 -location {21 7.723076923076923} -pin_size {0.024 0.024} -force_to_die_boundary
place_pin -pin_name io_dataRightIn[7] -layer M4 -location {21 8.015384615384615} -pin_size {0.024 0.024} -force_to_die_boundary
place_pin -pin_name io_dataRightIn[8] -layer M4 -location {21 8.307692307692308} -pin_size {0.024 0.024} -force_to_die_boundary
place_pin -pin_name io_dataRightIn[9] -layer M4 -location {21 8.600000000000001} -pin_size {0.024 0.024} -force_to_die_boundary
place_pin -pin_name io_dataRightIn[10] -layer M4 -location {21 8.892307692307693} -pin_size {0.024 0.024} -force_to_die_boundary
place_pin -pin_name io_dataRightIn[11] -layer M4 -location {21 9.184615384615386} -pin_size {0.024 0.024} -force_to_die_boundary
place_pin -pin_name io_dataRightIn[12] -layer M4 -location {21 9.476923076923077} -pin_size {0.024 0.024} -force_to_die_boundary
place_pin -pin_name io_dataRightIn[13] -layer M4 -location {21 9.76923076923077} -pin_size {0.024 0.024} -force_to_die_boundary
place_pin -pin_name io_dataRightIn[14] -layer M4 -location {21 10.061538461538461} -pin_size {0.024 0.024} -force_to_die_boundary
place_pin -pin_name io_dataRightIn[15] -layer M4 -location {21 10.353846153846154} -pin_size {0.024 0.024} -force_to_die_boundary
place_pin -pin_name io_dataRightOut[0] -layer M4 -location {21 10.646153846153847} -pin_size {0.024 0.024} -force_to_die_boundary
place_pin -pin_name io_dataRightOut[1] -layer M4 -location {21 10.938461538461539} -pin_size {0.024 0.024} -force_to_die_boundary
place_pin -pin_name io_dataRightOut[2] -layer M4 -location {21 11.230769230769232} -pin_size {0.024 0.024} -force_to_die_boundary
place_pin -pin_name io_dataRightOut[3] -layer M4 -location {21 11.523076923076923} -pin_size {0.024 0.024} -force_to_die_boundary
place_pin -pin_name io_dataRightOut[4] -layer M4 -location {21 11.815384615384616} -pin_size {0.024 0.024} -force_to_die_boundary
place_pin -pin_name io_dataRightOut[5] -layer M4 -location {21 12.107692307692309} -pin_size {0.024 0.024} -force_to_die_boundary
place_pin -pin_name io_dataRightOut[6] -layer M4 -location {21 12.4} -pin_size {0.024 0.024} -force_to_die_boundary
place_pin -pin_name io_dataRightOut[7] -layer M4 -location {21 12.692307692307693} -pin_size {0.024 0.024} -force_to_die_boundary
place_pin -pin_name io_dataRightOut[8] -layer M4 -location {21 12.984615384615385} -pin_size {0.024 0.024} -force_to_die_boundary
place_pin -pin_name io_dataRightOut[9] -layer M4 -location {21 13.276923076923078} -pin_size {0.024 0.024} -force_to_die_boundary
place_pin -pin_name io_dataRightOut[10] -layer M4 -location {21 13.56923076923077} -pin_size {0.024 0.024} -force_to_die_boundary
place_pin -pin_name io_dataRightOut[11] -layer M4 -location {21 13.861538461538462} -pin_size {0.024 0.024} -force_to_die_boundary
place_pin -pin_name io_dataRightOut[12] -layer M4 -location {21 14.153846153846155} -pin_size {0.024 0.024} -force_to_die_boundary
place_pin -pin_name io_dataRightOut[13] -layer M4 -location {21 14.446153846153846} -pin_size {0.024 0.024} -force_to_die_boundary
place_pin -pin_name io_dataRightOut[14] -layer M4 -location {21 14.73846153846154} -pin_size {0.024 0.024} -force_to_die_boundary
place_pin -pin_name io_dataRightOut[15] -layer M4 -location {21 15.03076923076923} -pin_size {0.024 0.024} -force_to_die_boundary
place_pin -pin_name io_controlRightOut_valid -layer M4 -location {21 15.323076923076924} -pin_size {0.024 0.024} -force_to_die_boundary
place_pin -pin_name io_controlRightOut_payload_MR[0] -layer M4 -location {21 15.615384615384617} -pin_size {0.024 0.024} -force_to_die_boundary
place_pin -pin_name io_controlRightOut_payload_MR[1] -layer M4 -location {21 15.907692307692308} -pin_size {0.024 0.024} -force_to_die_boundary
place_pin -pin_name io_controlRightOut_payload_CR_sel[0] -layer M4 -location {21 16.200000000000003} -pin_size {0.024 0.024} -force_to_die_boundary
place_pin -pin_name io_controlRightOut_payload_CR_sel[1] -layer M4 -location {21 16.49230769230769} -pin_size {0.024 0.024} -force_to_die_boundary
place_pin -pin_name io_controlRightOut_payload_CR_sel[2] -layer M4 -location {21 16.784615384615385} -pin_size {0.024 0.024} -force_to_die_boundary
place_pin -pin_name io_controlRightOut_payload_CR_sel[3] -layer M4 -location {21 17.076923076923077} -pin_size {0.024 0.024} -force_to_die_boundary
place_pin -pin_name io_controlRightOut_payload_CR_sel[4] -layer M4 -location {21 17.36923076923077} -pin_size {0.024 0.024} -force_to_die_boundary
place_pin -pin_name io_controlRightOut_payload_CR_dataflow[0] -layer M4 -location {21 17.661538461538463} -pin_size {0.024 0.024} -force_to_die_boundary
place_pin -pin_name io_controlRightOut_payload_CR_dataflow[1] -layer M4 -location {21 17.953846153846154} -pin_size {0.024 0.024} -force_to_die_boundary
place_pin -pin_name io_controlRightOut_payload_CtR[0] -layer M4 -location {21 18.24615384615385} -pin_size {0.024 0.024} -force_to_die_boundary
place_pin -pin_name io_controlRightOut_payload_CtR[1] -layer M4 -location {21 18.53846153846154} -pin_size {0.024 0.024} -force_to_die_boundary
place_pin -pin_name io_controlRightOut_payload_CtR[2] -layer M4 -location {21 18.83076923076923} -pin_size {0.024 0.024} -force_to_die_boundary
place_pin -pin_name io_controlRightOut_payload_CtR[3] -layer M4 -location {21 19.123076923076923} -pin_size {0.024 0.024} -force_to_die_boundary
place_pin -pin_name io_controlRightOut_payload_CtR[4] -layer M4 -location {21 19.415384615384617} -pin_size {0.024 0.024} -force_to_die_boundary
place_pin -pin_name io_controlRightOut_payload_CtR[5] -layer M4 -location {21 19.70769230769231} -pin_size {0.024 0.024} -force_to_die_boundary
place_pin -pin_name io_controlRightOut_payload_CtR[6] -layer M4 -location {21 20.0} -pin_size {0.024 0.024} -force_to_die_boundary
place_pin -pin_name io_controlTopIn_valid -layer M5 -location {1.0 21} -pin_size {0.024 0.024} -force_to_die_boundary
place_pin -pin_name io_controlTopIn_payload_MR[0] -layer M5 -location {1.2923076923076924 21} -pin_size {0.024 0.024} -force_to_die_boundary
place_pin -pin_name io_controlTopIn_payload_MR[1] -layer M5 -location {1.5846153846153848 21} -pin_size {0.024 0.024} -force_to_die_boundary
place_pin -pin_name io_controlTopIn_payload_CR_sel[0] -layer M5 -location {1.876923076923077 21} -pin_size {0.024 0.024} -force_to_die_boundary
place_pin -pin_name io_controlTopIn_payload_CR_sel[1] -layer M5 -location {2.1692307692307695 21} -pin_size {0.024 0.024} -force_to_die_boundary
place_pin -pin_name io_controlTopIn_payload_CR_sel[2] -layer M5 -location {2.4615384615384617 21} -pin_size {0.024 0.024} -force_to_die_boundary
place_pin -pin_name io_controlTopIn_payload_CR_sel[3] -layer M5 -location {2.753846153846154 21} -pin_size {0.024 0.024} -force_to_die_boundary
place_pin -pin_name io_controlTopIn_payload_CR_sel[4] -layer M5 -location {3.0461538461538464 21} -pin_size {0.024 0.024} -force_to_die_boundary
place_pin -pin_name io_controlTopIn_payload_CR_dataflow[0] -layer M5 -location {3.3384615384615386 21} -pin_size {0.024 0.024} -force_to_die_boundary
place_pin -pin_name io_controlTopIn_payload_CR_dataflow[1] -layer M5 -location {3.6307692307692307 21} -pin_size {0.024 0.024} -force_to_die_boundary
place_pin -pin_name io_controlTopIn_payload_CtR[0] -layer M5 -location {3.9230769230769234 21} -pin_size {0.024 0.024} -force_to_die_boundary
place_pin -pin_name io_controlTopIn_payload_CtR[1] -layer M5 -location {4.2153846153846155 21} -pin_size {0.024 0.024} -force_to_die_boundary
place_pin -pin_name io_controlTopIn_payload_CtR[2] -layer M5 -location {4.507692307692308 21} -pin_size {0.024 0.024} -force_to_die_boundary
place_pin -pin_name io_controlTopIn_payload_CtR[3] -layer M5 -location {4.800000000000001 21} -pin_size {0.024 0.024} -force_to_die_boundary
place_pin -pin_name io_controlTopIn_payload_CtR[4] -layer M5 -location {5.092307692307693 21} -pin_size {0.024 0.024} -force_to_die_boundary
place_pin -pin_name io_controlTopIn_payload_CtR[5] -layer M5 -location {5.384615384615385 21} -pin_size {0.024 0.024} -force_to_die_boundary
place_pin -pin_name io_controlTopIn_payload_CtR[6] -layer M5 -location {5.676923076923077 21} -pin_size {0.024 0.024} -force_to_die_boundary
place_pin -pin_name io_dataTopIn[0] -layer M5 -location {5.969230769230769 21} -pin_size {0.024 0.024} -force_to_die_boundary
place_pin -pin_name io_dataTopIn[1] -layer M5 -location {6.2615384615384615 21} -pin_size {0.024 0.024} -force_to_die_boundary
place_pin -pin_name io_dataTopIn[2] -layer M5 -location {6.5538461538461545 21} -pin_size {0.024 0.024} -force_to_die_boundary
place_pin -pin_name io_dataTopIn[3] -layer M5 -location {6.846153846153847 21} -pin_size {0.024 0.024} -force_to_die_boundary
place_pin -pin_name io_dataTopIn[4] -layer M5 -location {7.138461538461539 21} -pin_size {0.024 0.024} -force_to_die_boundary
place_pin -pin_name io_dataTopIn[5] -layer M5 -location {7.430769230769231 21} -pin_size {0.024 0.024} -force_to_die_boundary
place_pin -pin_name io_dataTopIn[6] -layer M5 -location {7.723076923076923 21} -pin_size {0.024 0.024} -force_to_die_boundary
place_pin -pin_name io_dataTopIn[7] -layer M5 -location {8.015384615384615 21} -pin_size {0.024 0.024} -force_to_die_boundary
place_pin -pin_name io_dataTopIn[8] -layer M5 -location {8.307692307692308 21} -pin_size {0.024 0.024} -force_to_die_boundary
place_pin -pin_name io_dataTopIn[9] -layer M5 -location {8.600000000000001 21} -pin_size {0.024 0.024} -force_to_die_boundary
place_pin -pin_name io_dataTopIn[10] -layer M5 -location {8.892307692307693 21} -pin_size {0.024 0.024} -force_to_die_boundary
place_pin -pin_name io_dataTopIn[11] -layer M5 -location {9.184615384615386 21} -pin_size {0.024 0.024} -force_to_die_boundary
place_pin -pin_name io_dataTopIn[12] -layer M5 -location {9.476923076923077 21} -pin_size {0.024 0.024} -force_to_die_boundary
place_pin -pin_name io_dataTopIn[13] -layer M5 -location {9.76923076923077 21} -pin_size {0.024 0.024} -force_to_die_boundary
place_pin -pin_name io_dataTopIn[14] -layer M5 -location {10.061538461538461 21} -pin_size {0.024 0.024} -force_to_die_boundary
place_pin -pin_name io_dataTopIn[15] -layer M5 -location {10.353846153846154 21} -pin_size {0.024 0.024} -force_to_die_boundary
place_pin -pin_name io_dataTopOut[0] -layer M5 -location {10.646153846153847 21} -pin_size {0.024 0.024} -force_to_die_boundary
place_pin -pin_name io_dataTopOut[1] -layer M5 -location {10.938461538461539 21} -pin_size {0.024 0.024} -force_to_die_boundary
place_pin -pin_name io_dataTopOut[2] -layer M5 -location {11.230769230769232 21} -pin_size {0.024 0.024} -force_to_die_boundary
place_pin -pin_name io_dataTopOut[3] -layer M5 -location {11.523076923076923 21} -pin_size {0.024 0.024} -force_to_die_boundary
place_pin -pin_name io_dataTopOut[4] -layer M5 -location {11.815384615384616 21} -pin_size {0.024 0.024} -force_to_die_boundary
place_pin -pin_name io_dataTopOut[5] -layer M5 -location {12.107692307692309 21} -pin_size {0.024 0.024} -force_to_die_boundary
place_pin -pin_name io_dataTopOut[6] -layer M5 -location {12.4 21} -pin_size {0.024 0.024} -force_to_die_boundary
place_pin -pin_name io_dataTopOut[7] -layer M5 -location {12.692307692307693 21} -pin_size {0.024 0.024} -force_to_die_boundary
place_pin -pin_name io_dataTopOut[8] -layer M5 -location {12.984615384615385 21} -pin_size {0.024 0.024} -force_to_die_boundary
place_pin -pin_name io_dataTopOut[9] -layer M5 -location {13.276923076923078 21} -pin_size {0.024 0.024} -force_to_die_boundary
place_pin -pin_name io_dataTopOut[10] -layer M5 -location {13.56923076923077 21} -pin_size {0.024 0.024} -force_to_die_boundary
place_pin -pin_name io_dataTopOut[11] -layer M5 -location {13.861538461538462 21} -pin_size {0.024 0.024} -force_to_die_boundary
place_pin -pin_name io_dataTopOut[12] -layer M5 -location {14.153846153846155 21} -pin_size {0.024 0.024} -force_to_die_boundary
place_pin -pin_name io_dataTopOut[13] -layer M5 -location {14.446153846153846 21} -pin_size {0.024 0.024} -force_to_die_boundary
place_pin -pin_name io_dataTopOut[14] -layer M5 -location {14.73846153846154 21} -pin_size {0.024 0.024} -force_to_die_boundary
place_pin -pin_name io_dataTopOut[15] -layer M5 -location {15.03076923076923 21} -pin_size {0.024 0.024} -force_to_die_boundary
place_pin -pin_name io_controlTopOut_valid -layer M5 -location {15.323076923076924 21} -pin_size {0.024 0.024} -force_to_die_boundary
place_pin -pin_name io_controlTopOut_payload_MR[0] -layer M5 -location {15.615384615384617 21} -pin_size {0.024 0.024} -force_to_die_boundary
place_pin -pin_name io_controlTopOut_payload_MR[1] -layer M5 -location {15.907692307692308 21} -pin_size {0.024 0.024} -force_to_die_boundary
place_pin -pin_name io_controlTopOut_payload_CR_sel[0] -layer M5 -location {16.200000000000003 21} -pin_size {0.024 0.024} -force_to_die_boundary
place_pin -pin_name io_controlTopOut_payload_CR_sel[1] -layer M5 -location {16.49230769230769 21} -pin_size {0.024 0.024} -force_to_die_boundary
place_pin -pin_name io_controlTopOut_payload_CR_sel[2] -layer M5 -location {16.784615384615385 21} -pin_size {0.024 0.024} -force_to_die_boundary
place_pin -pin_name io_controlTopOut_payload_CR_sel[3] -layer M5 -location {17.076923076923077 21} -pin_size {0.024 0.024} -force_to_die_boundary
place_pin -pin_name io_controlTopOut_payload_CR_sel[4] -layer M5 -location {17.36923076923077 21} -pin_size {0.024 0.024} -force_to_die_boundary
place_pin -pin_name io_controlTopOut_payload_CR_dataflow[0] -layer M5 -location {17.661538461538463 21} -pin_size {0.024 0.024} -force_to_die_boundary
place_pin -pin_name io_controlTopOut_payload_CR_dataflow[1] -layer M5 -location {17.953846153846154 21} -pin_size {0.024 0.024} -force_to_die_boundary
place_pin -pin_name io_controlTopOut_payload_CtR[0] -layer M5 -location {18.24615384615385 21} -pin_size {0.024 0.024} -force_to_die_boundary
place_pin -pin_name io_controlTopOut_payload_CtR[1] -layer M5 -location {18.53846153846154 21} -pin_size {0.024 0.024} -force_to_die_boundary
place_pin -pin_name io_controlTopOut_payload_CtR[2] -layer M5 -location {18.83076923076923 21} -pin_size {0.024 0.024} -force_to_die_boundary
place_pin -pin_name io_controlTopOut_payload_CtR[3] -layer M5 -location {19.123076923076923 21} -pin_size {0.024 0.024} -force_to_die_boundary
place_pin -pin_name io_controlTopOut_payload_CtR[4] -layer M5 -location {19.415384615384617 21} -pin_size {0.024 0.024} -force_to_die_boundary
place_pin -pin_name io_controlTopOut_payload_CtR[5] -layer M5 -location {19.70769230769231 21} -pin_size {0.024 0.024} -force_to_die_boundary
place_pin -pin_name io_controlTopOut_payload_CtR[6] -layer M5 -location {20.0 21} -pin_size {0.024 0.024} -force_to_die_boundary
place_pin -pin_name io_controlBottomIn_valid -layer M5 -location {1.0 0} -pin_size {0.024 0.024} -force_to_die_boundary
place_pin -pin_name io_controlBottomIn_payload_MR[0] -layer M5 -location {1.2923076923076924 0} -pin_size {0.024 0.024} -force_to_die_boundary
place_pin -pin_name io_controlBottomIn_payload_MR[1] -layer M5 -location {1.5846153846153848 0} -pin_size {0.024 0.024} -force_to_die_boundary
place_pin -pin_name io_controlBottomIn_payload_CR_sel[0] -layer M5 -location {1.876923076923077 0} -pin_size {0.024 0.024} -force_to_die_boundary
place_pin -pin_name io_controlBottomIn_payload_CR_sel[1] -layer M5 -location {2.1692307692307695 0} -pin_size {0.024 0.024} -force_to_die_boundary
place_pin -pin_name io_controlBottomIn_payload_CR_sel[2] -layer M5 -location {2.4615384615384617 0} -pin_size {0.024 0.024} -force_to_die_boundary
place_pin -pin_name io_controlBottomIn_payload_CR_sel[3] -layer M5 -location {2.753846153846154 0} -pin_size {0.024 0.024} -force_to_die_boundary
place_pin -pin_name io_controlBottomIn_payload_CR_sel[4] -layer M5 -location {3.0461538461538464 0} -pin_size {0.024 0.024} -force_to_die_boundary
place_pin -pin_name io_controlBottomIn_payload_CR_dataflow[0] -layer M5 -location {3.3384615384615386 0} -pin_size {0.024 0.024} -force_to_die_boundary
place_pin -pin_name io_controlBottomIn_payload_CR_dataflow[1] -layer M5 -location {3.6307692307692307 0} -pin_size {0.024 0.024} -force_to_die_boundary
place_pin -pin_name io_controlBottomIn_payload_CtR[0] -layer M5 -location {3.9230769230769234 0} -pin_size {0.024 0.024} -force_to_die_boundary
place_pin -pin_name io_controlBottomIn_payload_CtR[1] -layer M5 -location {4.2153846153846155 0} -pin_size {0.024 0.024} -force_to_die_boundary
place_pin -pin_name io_controlBottomIn_payload_CtR[2] -layer M5 -location {4.507692307692308 0} -pin_size {0.024 0.024} -force_to_die_boundary
place_pin -pin_name io_controlBottomIn_payload_CtR[3] -layer M5 -location {4.800000000000001 0} -pin_size {0.024 0.024} -force_to_die_boundary
place_pin -pin_name io_controlBottomIn_payload_CtR[4] -layer M5 -location {5.092307692307693 0} -pin_size {0.024 0.024} -force_to_die_boundary
place_pin -pin_name io_controlBottomIn_payload_CtR[5] -layer M5 -location {5.384615384615385 0} -pin_size {0.024 0.024} -force_to_die_boundary
place_pin -pin_name io_controlBottomIn_payload_CtR[6] -layer M5 -location {5.676923076923077 0} -pin_size {0.024 0.024} -force_to_die_boundary
place_pin -pin_name io_dataBottomIn[0] -layer M5 -location {5.969230769230769 0} -pin_size {0.024 0.024} -force_to_die_boundary
place_pin -pin_name io_dataBottomIn[1] -layer M5 -location {6.2615384615384615 0} -pin_size {0.024 0.024} -force_to_die_boundary
place_pin -pin_name io_dataBottomIn[2] -layer M5 -location {6.5538461538461545 0} -pin_size {0.024 0.024} -force_to_die_boundary
place_pin -pin_name io_dataBottomIn[3] -layer M5 -location {6.846153846153847 0} -pin_size {0.024 0.024} -force_to_die_boundary
place_pin -pin_name io_dataBottomIn[4] -layer M5 -location {7.138461538461539 0} -pin_size {0.024 0.024} -force_to_die_boundary
place_pin -pin_name io_dataBottomIn[5] -layer M5 -location {7.430769230769231 0} -pin_size {0.024 0.024} -force_to_die_boundary
place_pin -pin_name io_dataBottomIn[6] -layer M5 -location {7.723076923076923 0} -pin_size {0.024 0.024} -force_to_die_boundary
place_pin -pin_name io_dataBottomIn[7] -layer M5 -location {8.015384615384615 0} -pin_size {0.024 0.024} -force_to_die_boundary
place_pin -pin_name io_dataBottomIn[8] -layer M5 -location {8.307692307692308 0} -pin_size {0.024 0.024} -force_to_die_boundary
place_pin -pin_name io_dataBottomIn[9] -layer M5 -location {8.600000000000001 0} -pin_size {0.024 0.024} -force_to_die_boundary
place_pin -pin_name io_dataBottomIn[10] -layer M5 -location {8.892307692307693 0} -pin_size {0.024 0.024} -force_to_die_boundary
place_pin -pin_name io_dataBottomIn[11] -layer M5 -location {9.184615384615386 0} -pin_size {0.024 0.024} -force_to_die_boundary
place_pin -pin_name io_dataBottomIn[12] -layer M5 -location {9.476923076923077 0} -pin_size {0.024 0.024} -force_to_die_boundary
place_pin -pin_name io_dataBottomIn[13] -layer M5 -location {9.76923076923077 0} -pin_size {0.024 0.024} -force_to_die_boundary
place_pin -pin_name io_dataBottomIn[14] -layer M5 -location {10.061538461538461 0} -pin_size {0.024 0.024} -force_to_die_boundary
place_pin -pin_name io_dataBottomIn[15] -layer M5 -location {10.353846153846154 0} -pin_size {0.024 0.024} -force_to_die_boundary
place_pin -pin_name io_dataBottomOut[0] -layer M5 -location {10.646153846153847 0} -pin_size {0.024 0.024} -force_to_die_boundary
place_pin -pin_name io_dataBottomOut[1] -layer M5 -location {10.938461538461539 0} -pin_size {0.024 0.024} -force_to_die_boundary
place_pin -pin_name io_dataBottomOut[2] -layer M5 -location {11.230769230769232 0} -pin_size {0.024 0.024} -force_to_die_boundary
place_pin -pin_name io_dataBottomOut[3] -layer M5 -location {11.523076923076923 0} -pin_size {0.024 0.024} -force_to_die_boundary
place_pin -pin_name io_dataBottomOut[4] -layer M5 -location {11.815384615384616 0} -pin_size {0.024 0.024} -force_to_die_boundary
place_pin -pin_name io_dataBottomOut[5] -layer M5 -location {12.107692307692309 0} -pin_size {0.024 0.024} -force_to_die_boundary
place_pin -pin_name io_dataBottomOut[6] -layer M5 -location {12.4 0} -pin_size {0.024 0.024} -force_to_die_boundary
place_pin -pin_name io_dataBottomOut[7] -layer M5 -location {12.692307692307693 0} -pin_size {0.024 0.024} -force_to_die_boundary
place_pin -pin_name io_dataBottomOut[8] -layer M5 -location {12.984615384615385 0} -pin_size {0.024 0.024} -force_to_die_boundary
place_pin -pin_name io_dataBottomOut[9] -layer M5 -location {13.276923076923078 0} -pin_size {0.024 0.024} -force_to_die_boundary
place_pin -pin_name io_dataBottomOut[10] -layer M5 -location {13.56923076923077 0} -pin_size {0.024 0.024} -force_to_die_boundary
place_pin -pin_name io_dataBottomOut[11] -layer M5 -location {13.861538461538462 0} -pin_size {0.024 0.024} -force_to_die_boundary
place_pin -pin_name io_dataBottomOut[12] -layer M5 -location {14.153846153846155 0} -pin_size {0.024 0.024} -force_to_die_boundary
place_pin -pin_name io_dataBottomOut[13] -layer M5 -location {14.446153846153846 0} -pin_size {0.024 0.024} -force_to_die_boundary
place_pin -pin_name io_dataBottomOut[14] -layer M5 -location {14.73846153846154 0} -pin_size {0.024 0.024} -force_to_die_boundary
place_pin -pin_name io_dataBottomOut[15] -layer M5 -location {15.03076923076923 0} -pin_size {0.024 0.024} -force_to_die_boundary
place_pin -pin_name io_controlBottomOut_valid -layer M5 -location {15.323076923076924 0} -pin_size {0.024 0.024} -force_to_die_boundary
place_pin -pin_name io_controlBottomOut_payload_MR[0] -layer M5 -location {15.615384615384617 0} -pin_size {0.024 0.024} -force_to_die_boundary
place_pin -pin_name io_controlBottomOut_payload_MR[1] -layer M5 -location {15.907692307692308 0} -pin_size {0.024 0.024} -force_to_die_boundary
place_pin -pin_name io_controlBottomOut_payload_CR_sel[0] -layer M5 -location {16.200000000000003 0} -pin_size {0.024 0.024} -force_to_die_boundary
place_pin -pin_name io_controlBottomOut_payload_CR_sel[1] -layer M5 -location {16.49230769230769 0} -pin_size {0.024 0.024} -force_to_die_boundary
place_pin -pin_name io_controlBottomOut_payload_CR_sel[2] -layer M5 -location {16.784615384615385 0} -pin_size {0.024 0.024} -force_to_die_boundary
place_pin -pin_name io_controlBottomOut_payload_CR_sel[3] -layer M5 -location {17.076923076923077 0} -pin_size {0.024 0.024} -force_to_die_boundary
place_pin -pin_name io_controlBottomOut_payload_CR_sel[4] -layer M5 -location {17.36923076923077 0} -pin_size {0.024 0.024} -force_to_die_boundary
place_pin -pin_name io_controlBottomOut_payload_CR_dataflow[0] -layer M5 -location {17.661538461538463 0} -pin_size {0.024 0.024} -force_to_die_boundary
place_pin -pin_name io_controlBottomOut_payload_CR_dataflow[1] -layer M5 -location {17.953846153846154 0} -pin_size {0.024 0.024} -force_to_die_boundary
place_pin -pin_name io_controlBottomOut_payload_CtR[0] -layer M5 -location {18.24615384615385 0} -pin_size {0.024 0.024} -force_to_die_boundary
place_pin -pin_name io_controlBottomOut_payload_CtR[1] -layer M5 -location {18.53846153846154 0} -pin_size {0.024 0.024} -force_to_die_boundary
place_pin -pin_name io_controlBottomOut_payload_CtR[2] -layer M5 -location {18.83076923076923 0} -pin_size {0.024 0.024} -force_to_die_boundary
place_pin -pin_name io_controlBottomOut_payload_CtR[3] -layer M5 -location {19.123076923076923 0} -pin_size {0.024 0.024} -force_to_die_boundary
place_pin -pin_name io_controlBottomOut_payload_CtR[4] -layer M5 -location {19.415384615384617 0} -pin_size {0.024 0.024} -force_to_die_boundary
place_pin -pin_name io_controlBottomOut_payload_CtR[5] -layer M5 -location {19.70769230769231 0} -pin_size {0.024 0.024} -force_to_die_boundary
place_pin -pin_name io_controlBottomOut_payload_CtR[6] -layer M5 -location {20.0 0} -pin_size {0.024 0.024} -force_to_die_boundary
